image: test3.pgm
resolution: 0.025000
origin: [-0.303949, -1.050219, 0.000000]
negate: 0
occupied_thresh: 0.65
free_thresh: 0.196

