image: test2.pgm
resolution: 0.025000
origin: [-2.369147, -1.308467, 0.000000]
negate: 0
occupied_thresh: 0.65
free_thresh: 0.196

