image: cafe_house.pgm
resolution: 0.025000
# origin: [-5.187163, -12.093939, 0.000000]
origin: [-7,-13.5, 0.000000]
negate: 0
occupied_thresh: 0.65
free_thresh: 0.196

