image: robot.pgm
resolution: 0.025000
origin: [-0.546637, -0.510821, 0.000000]
negate: 0
occupied_thresh: 0.65
free_thresh: 0.196

